 Parâmetros iniciais da inversão:
 p1 =    2000.00000000000     
 q1 =   0.000000000000000E+000
 r1 =   0.000000000000000E+000
 s1 =   0.000000000000000E+000
 z0 =   0.000000000000000E+000
 z1 =   0.000000000000000E+000
 xmin =   0.000000000000000E+000  xmax =    10.0000000000000     
 ymin =   0.000000000000000E+000  ymax =    10.0000000000000     
 temperatura =   8.00000000000000     
 tfactor =  0.400000000000000     
 nsteps =       10000
 idum =          10
 istep =    1.00000000000000     
 jstep =    1.00000000000000     
