 Par창metros iniciais da invers찾o:
 p1 =    2000.0000000000000     
 q1 =    100.00000000000000     
 r1 =    100.00000000000000     
 s1 =    1000.0000000000000     
 z0 =    0.0000000000000000     
 z1 =    0.0000000000000000     
 xmin =    0.0000000000000000       xmax =    10.000000000000000     
 ymin =    0.0000000000000000       ymax =    10.000000000000000     
 temperatura =   8.0000000000000000     
 tfactor =  0.40000000000000002     
 nsteps =        1000
 idum =          10
 istep =    1.0000000000000000     
 jstep =    1.0000000000000000     
 FINISH-start   880.25350200000003     

 Par창metros Finais da invers찾o:
 p1 =    2562.0402832031250     
 q1 =    5.3528009448200464E-004     
 r1 =    1.8700489774346352E-002    
 s1 =    8.7235484897973947E-006
Cost function: 3.4913883283133424
